108  54
3  6
3 3 3 3 3 3 3 3 3 3 3 3 3 3 3 3 3 3 3 3 3 3 3 3 3 3 3 3 3 3 3 3 3 3 3 3 3 3 3 3 3 3 3 3 3 3 3 3 3 3 3 3 3 3 3 3 3 3 3 3 3 3 3 3 3 3 3 3 3 3 3 3 3 3 3 3 3 3 3 3 3 3 3 3 3 3 3 3 3 3 3 3 3 3 3 3 3 3 3 3 3 3 3 3 3 3 3 3
6 6 6 6 6 6 6 6 6 6 6 6 6 6 6 6 6 6 6 6 6 6 6 6 6 6 6 6 6 6 6 6 6 6 6 6 6 6 6 6 6 6 6 6 6 6 6 6 6 6 6 6 6 6
1 19 37 
2 20 38 
3 21 39 
4 22 40 
5 23 41 
6 24 42 
7 25 43 
8 26 44 
9 27 45 
10 28 46 
11 29 47 
12 30 48 
13 31 49 
14 32 50 
15 33 51 
16 34 52 
17 35 53 
18 36 54 
1 21 49 
2 22 50 
3 23 51 
4 24 52 
5 25 53 
6 26 54 
7 27 37 
8 28 38 
9 29 39 
10 30 40 
11 31 41 
12 32 42 
13 33 43 
14 34 44 
15 35 45 
16 36 46 
17 19 47 
18 20 48 
1 22 48 
2 23 49 
3 24 50 
4 25 51 
5 26 52 
6 27 53 
7 28 54 
8 29 37 
9 30 38 
10 31 39 
11 32 40 
12 33 41 
13 34 42 
14 35 43 
15 36 44 
16 19 45 
17 20 46 
18 21 47 
1 26 51 
2 27 52 
3 28 53 
4 29 54 
5 30 37 
6 31 38 
7 32 39 
8 33 40 
9 34 41 
10 35 42 
11 36 43 
12 19 44 
13 20 45 
14 21 46 
15 22 47 
16 23 48 
17 24 49 
18 25 50 
1 32 53 
2 33 54 
3 34 37 
4 35 38 
5 36 39 
6 19 40 
7 20 41 
8 21 42 
9 22 43 
10 23 44 
11 24 45 
12 25 46 
13 26 47 
14 27 48 
15 28 49 
16 29 50 
17 30 51 
18 31 52 
1 36 38 
2 19 39 
3 20 40 
4 21 41 
5 22 42 
6 23 43 
7 24 44 
8 25 45 
9 26 46 
10 27 47 
11 28 48 
12 29 49 
13 30 50 
14 31 51 
15 32 52 
16 33 53 
17 34 54 
18 35 37 
1 19 37 55 73 91 
2 20 38 56 74 92 
3 21 39 57 75 93 
4 22 40 58 76 94 
5 23 41 59 77 95 
6 24 42 60 78 96 
7 25 43 61 79 97 
8 26 44 62 80 98 
9 27 45 63 81 99 
10 28 46 64 82 100 
11 29 47 65 83 101 
12 30 48 66 84 102 
13 31 49 67 85 103 
14 32 50 68 86 104 
15 33 51 69 87 105 
16 34 52 70 88 106 
17 35 53 71 89 107 
18 36 54 72 90 108 
1 35 52 66 78 92 
2 36 53 67 79 93 
3 19 54 68 80 94 
4 20 37 69 81 95 
5 21 38 70 82 96 
6 22 39 71 83 97 
7 23 40 72 84 98 
8 24 41 55 85 99 
9 25 42 56 86 100 
10 26 43 57 87 101 
11 27 44 58 88 102 
12 28 45 59 89 103 
13 29 46 60 90 104 
14 30 47 61 73 105 
15 31 48 62 74 106 
16 32 49 63 75 107 
17 33 50 64 76 108 
18 34 51 65 77 91 
1 25 44 59 75 108 
2 26 45 60 76 91 
3 27 46 61 77 92 
4 28 47 62 78 93 
5 29 48 63 79 94 
6 30 49 64 80 95 
7 31 50 65 81 96 
8 32 51 66 82 97 
9 33 52 67 83 98 
10 34 53 68 84 99 
11 35 54 69 85 100 
12 36 37 70 86 101 
13 19 38 71 87 102 
14 20 39 72 88 103 
15 21 40 55 89 104 
16 22 41 56 90 105 
17 23 42 57 73 106 
18 24 43 58 74 107 
